_viz_0 = nengo_gui.components.HTMLView(env.pendulum)
_viz_config[_viz_0].height = 0.209033749384813
_viz_config[_viz_0].y = 0.9699956623806034
_viz_config[_viz_0].x = 0.680077216435904
_viz_config[_viz_0].label_visible = True
_viz_config[_viz_0].width = 0.19341644182442852
_viz_1 = nengo_gui.components.Slider(q_target)
_viz_config[_viz_1].height = 0.111358574610245
_viz_config[_viz_1].x = 0.25367755495017624
_viz_config[_viz_1].label_visible = True
_viz_config[_viz_1].min_value = -1
_viz_config[_viz_1].y = 0.9649736978177204
_viz_config[_viz_1].max_value = 1
_viz_config[_viz_1].width = 0.04405286343612335
_viz_2 = nengo_gui.components.Slider(env.extra_mass)
_viz_config[_viz_2].height = 0.111358574610245
_viz_config[_viz_2].x = 0.4272828177995656
_viz_config[_viz_2].label_visible = True
_viz_config[_viz_2].min_value = -3
_viz_config[_viz_2].y = 0.9659538899169426
_viz_config[_viz_2].max_value = 5
_viz_config[_viz_2].width = 0.04405286343612335
_viz_net_graph = nengo_gui.components.NetGraph()
_viz_progress = nengo_gui.components.Progress()
_viz_config[_viz_progress].height = 100
_viz_config[_viz_progress].y = 0
_viz_config[_viz_progress].x = 0
_viz_config[_viz_progress].label_visible = True
_viz_config[_viz_progress].width = 100
_viz_sim_control = nengo_gui.components.SimControl()
_viz_config[_viz_sim_control].shown_time = 0.5
_viz_config[_viz_sim_control].kept_time = 4.0
_viz_config[adapt_ens].pos=(0.7447209664730453, 0.3816416343230178)
_viz_config[adapt_ens].size=(0.136986301369863, 0.05646024597007318)
_viz_config[adapt_ens].expanded=False
_viz_config[adapt_ens].has_layout=False
_viz_config[dq_diff].pos=(0.38488237386660906, 0.683828498699762)
_viz_config[dq_diff].size=(0.0684931506849315, 0.04545454545454545)
_viz_config[dq_target].pos=(0.3196703772130612, 0.6840916419082336)
_viz_config[dq_target].size=(0.0547945205479452, 0.03636363636363636)
_viz_config[env].pos=(0.4208277776840694, 0.3855870491146777)
_viz_config[env].size=(0.136986301369863, 0.06059642281216577)
_viz_config[env].expanded=False
_viz_config[env].has_layout=True
_viz_config[env.dq].pos=(0.8673469387755103, 0.6372549019607844)
_viz_config[env.dq].size=(0.0816326530612245, 0.0392156862745098)
_viz_config[env.extra_mass].pos=(0.1326530612244898, 0.08823529411764705)
_viz_config[env.extra_mass].size=(0.0816326530612245, 0.0392156862745098)
_viz_config[env.pendulum].pos=(0.5, 0.5)
_viz_config[env.pendulum].size=(0.0816326530612245, 0.0392156862745098)
_viz_config[env.q].pos=(0.8673469387755103, 0.3627450980392157)
_viz_config[env.q].size=(0.0816326530612245, 0.0392156862745098)
_viz_config[env.q_target].pos=(0.1326530612244898, 0.911764705882353)
_viz_config[env.q_target].size=(0.0816326530612245, 0.0392156862745098)
_viz_config[env.u].pos=(0.1326530612244898, 0.6372549019607844)
_viz_config[env.u].size=(0.0816326530612245, 0.0392156862745098)
_viz_config[env.u_extra].pos=(0.1326530612244898, 0.3627450980392157)
_viz_config[env.u_extra].size=(0.0816326530612245, 0.0392156862745098)
_viz_config[extra_mass].pos=(0.5697379148564916, 0.5639591627823853)
_viz_config[extra_mass].size=(0.1, 0.1)
_viz_config[model].pos=(-0.04562027085843024, -0.20290612498127858)
_viz_config[model].size=(1.0190494693309908, 1.0190494693309908)
_viz_config[model].expanded=True
_viz_config[model].has_layout=True
_viz_config[q_diff].pos=(0.4991247608023408, 0.6801549911885205)
_viz_config[q_diff].size=(0.0684931506849315, 0.04545454545454545)
_viz_config[q_target].pos=(0.1680544849705667, 0.5598154386592601)
_viz_config[q_target].size=(0.0547945205479452, 0.03636363636363636)