_viz_net_graph = nengo_gui.components.NetGraph()
_viz_progress = nengo_gui.components.Progress()
_viz_config[_viz_progress].x = 0
_viz_config[_viz_progress].y = 0
_viz_config[_viz_progress].width = 100
_viz_config[_viz_progress].height = 100
_viz_config[_viz_progress].label_visible = True
_viz_sim_control = nengo_gui.components.SimControl()
_viz_config[_viz_sim_control].shown_time = 0.5
_viz_config[_viz_sim_control].kept_time = 4.0
_viz_config[adapt_ens].pos=(0.8050408818574891, -0.0820129773219324)
_viz_config[adapt_ens].size=(0.136986301369863, 0.08375004483204433)
_viz_config[adapt_ens].expanded=False
_viz_config[adapt_ens].has_layout=False
_viz_config[dq_diff].pos=(0.26558200034386104, 0.3995630319452861)
_viz_config[dq_diff].size=(0.0684931506849315, 0.04545454545454545)
_viz_config[dq_target].pos=(0.09937759565360907, 0.8748170522329132)
_viz_config[dq_target].size=(0.0547945205479452, 0.03636363636363636)
_viz_config[env].pos=(0.3903357922813265, -0.07628310724218942)
_viz_config[env].size=(0.136986301369863, 0.10400325180919333)
_viz_config[env].expanded=False
_viz_config[env].has_layout=False
_viz_config[extra_mass].pos=(0.5797989089626325, 0.32131912414800784)
_viz_config[extra_mass].size=(0.0547945205479452, 0.03636363636363636)
_viz_config[model].pos=(0.32633919590445737, 0.2400934201854481)
_viz_config[model].size=(0.7127747007423403, 0.7127747007423403)
_viz_config[model].expanded=True
_viz_config[model].has_layout=True
_viz_config[q_diff].pos=(0.39670043522022347, 0.4000368302162957)
_viz_config[q_diff].size=(0.0684931506849315, 0.04545454545454545)
_viz_config[q_target].pos=(-0.05831113802907914, 0.286408352305281)
_viz_config[q_target].size=(0.07102823384638335, 0.06621046384609189)