_viz_1 = nengo_gui.components.Slider(model.nodes[2])
_viz_config[_viz_1].max_value = 1
_viz_config[_viz_1].min_value = -1
_viz_config[_viz_1].x = 0.3419024891542394
_viz_config[_viz_1].y = 2.279980637479392
_viz_config[_viz_1].width = 0.20060946546242586
_viz_config[_viz_1].height = 0.35067784114582795
_viz_config[_viz_1].label_visible = True
_viz_2 = nengo_gui.components.Slider(model.nodes[0])
_viz_config[_viz_2].max_value = 1
_viz_config[_viz_2].min_value = -1
_viz_config[_viz_2].x = -0.6875334852478873
_viz_config[_viz_2].y = 2.2391838256129017
_viz_config[_viz_2].width = 0.1336854189884836
_viz_config[_viz_2].height = 0.3878857747148362
_viz_config[_viz_2].label_visible = True
_viz_net_graph = nengo_gui.components.NetGraph()
_viz_progress = nengo_gui.components.Progress()
_viz_config[_viz_progress].x = 0
_viz_config[_viz_progress].y = 0
_viz_config[_viz_progress].width = 100
_viz_config[_viz_progress].height = 100
_viz_config[_viz_progress].label_visible = True
_viz_sim_control = nengo_gui.components.SimControl()
_viz_config[_viz_sim_control].shown_time = 0.5
_viz_config[_viz_sim_control].kept_time = 4.0
_viz_config[model].pos=(1.6970323379565055, 0.2952863312316987)
_viz_config[model].size=(0.29924523881697107, 0.29924523881697107)
_viz_config[model].expanded=True
_viz_config[model].has_layout=True
_viz_config[model.ensembles[0]].pos=(0.28185236463524277, 1.0407685837932434)
_viz_config[model.ensembles[0]].size=(0.08616698622762375, 0.26925778939470446)
_viz_config[model.ensembles[1]].pos=(1.1262072844527518, 1.1925738569678601)
_viz_config[model.ensembles[1]].size=(0.07324998033929446, 0.22889425106806247)
_viz_config[model.networks[0]].pos=(0.20183765333153397, -0.08117152146491534)
_viz_config[model.networks[0]].size=(0.1, 0.1)
_viz_config[model.networks[0]].expanded=False
_viz_config[model.networks[0]].has_layout=False
_viz_config[model.networks[1]].pos=(1.5615062828336788, 0.5443880810283127)
_viz_config[model.networks[1]].size=(0.136986301369863, 0.1818181818181818)
_viz_config[model.networks[1]].expanded=False
_viz_config[model.networks[1]].has_layout=False
_viz_config[model.nodes[0]].pos=(-0.9035120084070023, 1.0132758240748942)
_viz_config[model.nodes[0]].size=(0.18978802301398498, 0.15001904790531054)
_viz_config[model.nodes[1]].pos=(0.18001306396826894, 1.5128953346013867)
_viz_config[model.nodes[1]].size=(0.0547945205479452, 0.03636363636363636)
_viz_config[model.nodes[2]].pos=(-0.7869216271047674, -0.006626633405748619)
_viz_config[model.nodes[2]].size=(0.0547945205479452, 0.03636363636363636)