_viz_0 = nengo_gui.components.HTMLView(env.plant)
_viz_config[_viz_0].x = 0.4019707140824026
_viz_config[_viz_0].y = 1.7908966215560103
_viz_config[_viz_0].width = 0.3793059078220893
_viz_config[_viz_0].height = 0.46713449494232956
_viz_config[_viz_0].label_visible = True
_viz_1 = nengo_gui.components.Slider(model.nodes[2])
_viz_config[_viz_1].max_value = 1
_viz_config[_viz_1].min_value = -1
_viz_config[_viz_1].x = -0.3169275910487903
_viz_config[_viz_1].y = 1.6474450216362795
_viz_config[_viz_1].width = 0.15450629017926054
_viz_config[_viz_1].height = 0.35067784114582795
_viz_config[_viz_1].label_visible = True
_viz_2 = nengo_gui.components.Slider(model.nodes[0])
_viz_config[_viz_2].max_value = 1
_viz_config[_viz_2].min_value = -1
_viz_config[_viz_2].x = -0.7440471471854365
_viz_config[_viz_2].y = 1.6438562497916505
_viz_config[_viz_2].width = 0.1336854189884836
_viz_config[_viz_2].height = 0.3878857747148362
_viz_config[_viz_2].label_visible = True
_viz_net_graph = nengo_gui.components.NetGraph()
_viz_progress = nengo_gui.components.Progress()
_viz_config[_viz_progress].x = 0
_viz_config[_viz_progress].y = 0
_viz_config[_viz_progress].width = 100
_viz_config[_viz_progress].height = 100
_viz_config[_viz_progress].label_visible = True
_viz_sim_control = nengo_gui.components.SimControl()
_viz_config[_viz_sim_control].shown_time = 0.5
_viz_config[_viz_sim_control].kept_time = 4.0
_viz_config[env].pos=(0.4178082191780822, 0.3)
_viz_config[env].size=(0.136986301369863, 0.1818181818181818)
_viz_config[env].expanded=False
_viz_config[env].has_layout=True
_viz_config[env.dq].pos=(0.8673469387755103, 0.6372549019607844)
_viz_config[env.dq].size=(0.0816326530612245, 0.0392156862745098)
_viz_config[env.extra_force].pos=(0.1326530612244898, 0.08823529411764705)
_viz_config[env.extra_force].size=(0.0816326530612245, 0.0392156862745098)
_viz_config[env.plant].pos=(0.5, 0.5)
_viz_config[env.plant].size=(0.0816326530612245, 0.0392156862745098)
_viz_config[env.q].pos=(0.8673469387755103, 0.3627450980392157)
_viz_config[env.q].size=(0.0816326530612245, 0.0392156862745098)
_viz_config[env.q_target].pos=(0.1326530612244898, 0.911764705882353)
_viz_config[env.q_target].size=(0.0816326530612245, 0.0392156862745098)
_viz_config[env.u].pos=(0.1326530612244898, 0.6372549019607844)
_viz_config[env.u].size=(0.0816326530612245, 0.0392156862745098)
_viz_config[env.u_extra].pos=(0.1326530612244898, 0.3627450980392157)
_viz_config[env.u_extra].size=(0.0816326530612245, 0.0392156862745098)
_viz_config[model].pos=(1.0635542837594556, 0.4099894407400475)
_viz_config[model].size=(0.29924523881697107, 0.29924523881697107)
_viz_config[model].expanded=True
_viz_config[model].has_layout=True
_viz_config[model.ensembles[0]].pos=(0.8287671232876712, 0.09090909090909091)
_viz_config[model.ensembles[0]].size=(0.08616698622762375, 0.26925778939470446)
_viz_config[model.ensembles[1]].pos=(0.8287671232876712, 0.9090909090909091)
_viz_config[model.ensembles[1]].size=(0.07324998033929446, 0.22889425106806247)
_viz_config[model.networks[1]].pos=(1.0909221370839746, 0.4456658335424214)
_viz_config[model.networks[1]].size=(0.136986301369863, 0.1818181818181818)
_viz_config[model.networks[1]].expanded=False
_viz_config[model.networks[1]].has_layout=False
_viz_config[model.nodes[0]].pos=(0.08904109589041095, 0.8086682850840169)
_viz_config[model.nodes[0]].size=(0.0547945205479452, 0.14503192144765337)
_viz_config[model.nodes[1]].pos=(0.4178082191780822, 0.7)
_viz_config[model.nodes[1]].size=(0.0547945205479452, 0.03636363636363636)
_viz_config[model.nodes[2]].pos=(0.08904109589041095, 0.3)
_viz_config[model.nodes[2]].size=(0.0547945205479452, 0.03636363636363636)