_viz_0 = nengo_gui.components.HTMLView(net.plant)
_viz_config[_viz_0].x = 1.3634589062642022
_viz_config[_viz_0].y = 2.367174197330559
_viz_config[_viz_0].width = 0.3793059078220893
_viz_config[_viz_0].height = 0.46713449494232956
_viz_config[_viz_0].label_visible = True
_viz_1 = nengo_gui.components.Slider(model.nodes[2])
_viz_config[_viz_1].max_value = 1
_viz_config[_viz_1].min_value = -1
_viz_config[_viz_1].x = 0.7299020708732615
_viz_config[_viz_1].y = 2.7322548244745195
_viz_config[_viz_1].width = 0.15450629017926054
_viz_config[_viz_1].height = 0.35067784114582795
_viz_config[_viz_1].label_visible = True
_viz_2 = nengo_gui.components.Slider(model.nodes[0])
_viz_config[_viz_2].max_value = 1
_viz_config[_viz_2].min_value = -1
_viz_config[_viz_2].x = -0.35906078787546836
_viz_config[_viz_2].y = 2.804935640655856
_viz_config[_viz_2].width = 0.22719760824271326
_viz_config[_viz_2].height = 0.38782228959996234
_viz_config[_viz_2].label_visible = True
_viz_net_graph = nengo_gui.components.NetGraph()
_viz_progress = nengo_gui.components.Progress()
_viz_config[_viz_progress].x = 0
_viz_config[_viz_progress].y = 0
_viz_config[_viz_progress].width = 100
_viz_config[_viz_progress].height = 100
_viz_config[_viz_progress].label_visible = True
_viz_sim_control = nengo_gui.components.SimControl()
_viz_config[_viz_sim_control].shown_time = 0.5
_viz_config[_viz_sim_control].kept_time = 4.0
_viz_config[model].pos=(1.3127881588554178, 0.5803313813028551)
_viz_config[model].size=(0.2526407415746609, 0.2526407415746609)
_viz_config[model].expanded=True
_viz_config[model].has_layout=True
_viz_config[model.ensembles[0]].pos=(0.2000194510173077, 0.8364542673601669)
_viz_config[model.ensembles[0]].size=(0.08616698622762375, 0.26925778939470446)
_viz_config[model.ensembles[1]].pos=(0.8287671232876712, 0.9090909090909091)
_viz_config[model.ensembles[1]].size=(0.07324998033929446, 0.22889425106806247)
_viz_config[model.networks[1]].pos=(1.2879777454539822, -0.35836983099948855)
_viz_config[model.networks[1]].size=(0.136986301369863, 0.1818181818181818)
_viz_config[model.networks[1]].expanded=False
_viz_config[model.networks[1]].has_layout=True
_viz_config[model.networks[1].error].pos=(0.2272727272727273, 0.1875)
_viz_config[model.networks[1].error].size=(0.1212121212121212, 0.08333333333333333)
_viz_config[model.networks[1].input].pos=(0.2272727272727273, 0.7916666666666666)
_viz_config[model.networks[1].input].size=(0.15151515151515152, 0.10416666666666666)
_viz_config[model.networks[1].output].pos=(0.803030303030303, 0.48958333333333326)
_viz_config[model.networks[1].output].size=(0.1212121212121212, 0.08333333333333333)
_viz_config[model.nodes[0]].pos=(-0.5775843157562799, 1.2566060080467452)
_viz_config[model.nodes[0]].size=(0.10684657938723158, 0.14503192144765337)
_viz_config[model.nodes[1]].pos=(0.21997283334321896, 1.3832311881562525)
_viz_config[model.nodes[1]].size=(0.0547945205479452, 0.03636363636363636)
_viz_config[model.nodes[2]].pos=(-0.5675429013467286, 0.3199482775398384)
_viz_config[model.nodes[2]].size=(0.0547945205479452, 0.03636363636363636)
_viz_config[net].pos=(0.3210650222510043, 0.6346788000766698)
_viz_config[net].size=(0.10215938635668621, 0.09724770975771294)
_viz_config[net].expanded=False
_viz_config[net].has_layout=False